+-----------+
| timespent |
+-----------+
| 792       |
| 2984      |
| 221       |
| 1762      |
| 229       |
| 235       |
| 217       |
| 219       |
| 216       |
| 227       |
| 2554      |
| 216       |
| 1755      |
| 216       |
| 1755      |
| 220       |
| 216       |
| 216       |
| 224       |
| 225       |
| 219       |
| 2619      |
| 217       |
| 1772      |
| 228       |
| 1769      |
| 216       |
| 219       |
| 213       |
| 214       |
| 208       |
| 212       |
| 2649      |
| 214       |
| 1784      |
| 214       |
| 1769      |
| 230       |
| 213       |
| 214       |
| 220       |
| 213       |
| 214       |
| 2641      |
| 216       |
| 1774      |
| 209       |
| 1780      |
| 217       |
| 223       |
| 213       |
| 213       |
| 214       |
| 215       |
| 2646      |
| 208       |
| 1791      |
| 212       |
| 1780      |
| 217       |
| 214       |
| 212       |
| 214       |
| 217       |
| 226       |
| 2677      |
| 212       |
| 1787      |
| 212       |
| 1778      |
| 213       |
| 222       |
| 215       |
| 213       |
| 213       |
| 213       |
| 2646      |
| 212       |
| 1784      |
| 213       |
| 1784      |
| 213       |
| 213       |
| 214       |
| 223       |
| 213       |
| 206       |
| 2637      |
| 231       |
| 1765      |
| 212       |
| 1787      |
| 211       |
| 216       |
| 208       |
| 213       |
| 212       |
| 213       |
| 2661      |
| 214       |
| 1780      |
| 222       |
| 1770      |
| 213       |
| 209       |
| 220       |
| 207       |
| 216       |
| 213       |
| 2659      |
| 315       |
| 1677      |
| 324       |
| 1663      |
| 211       |
| 212       |
| 212       |
| 212       |
| 213       |
| 213       |
| 2685      |
| 209       |
| 1786      |
| 211       |
| 1777      |
| 212       |
| 312       |
| 213       |
| 213       |
| 313       |
| 215       |
| 2478      |
| 214       |
| 1781      |
| 2997      |
| 213       |
| 212       |
| 213       |
| 220       |
| 313       |
| 213       |
| 2574      |
| 221       |
| 1759      |
| 211       |
| 1785      |
| 224       |
| 213       |
| 214       |
| 213       |
| 326       |
| 213       |
| 2555      |
| 212       |
| 1784      |
| 212       |
| 1784      |
| 213       |
| 213       |
| 213       |
| 313       |
| 211       |
| 212       |
| 2570      |
| 213       |
| 1785      |
| 212       |
| 1782      |
| 214       |
| 221       |
| 212       |
| 212       |
| 212       |
| 219       |
| 2650      |
| 213       |
| 1792      |
| 220       |
| 1771      |
| 214       |
| 215       |
| 325       |
| 212       |
| 213       |
| 213       |
| 2548      |
| 211       |
| 1797      |
| 214       |
| 1777      |
| 212       |
| 211       |
| 209       |
| 213       |
| 212       |
| 212       |
| 2684      |
| 213       |
| 1795      |
| 312       |
| 1670      |
| 212       |
| 212       |
| 212       |
| 214       |
| 213       |
| 217       |
| 2661      |
| 316       |
| 1682      |
| 209       |
| 1776      |
| 212       |
| 213       |
| 214       |
| 215       |
| 212       |
| 212       |
| 2673      |
| 212       |
| 1788      |
| 213       |
| 1772      |
| 211       |
| 212       |
| 212       |
| 220       |
| 315       |
| 212       |
| 2573      |
| 212       |
| 1782      |
| 212       |
| 1785      |
| 212       |
| 212       |
| 212       |
| 223       |
| 213       |
| 214       |
| 2660      |
| 212       |
| 1778      |
| 212       |
| 1784      |
| 213       |
| 211       |
| 212       |
| 208       |
| 311       |
| 562       |
| 817       |
| 225       |
| 221       |
| 232       |
| 243       |
| 218       |
| 215       |
| 218       |
| 229       |
| 224       |
| 1783      |
| 217       |
| 1761      |
| 217       |
| 1766      |
| 217       |
| 217       |
| 222       |
| 218       |
| 226       |
| 217       |
| 2632      |
| 215       |
| 1770      |
| 217       |
| 1773      |
| 221       |
| 215       |
| 213       |
| 214       |
| 214       |
| 216       |
| 2657      |
| 215       |
| 1775      |
| 223       |
| 1762      |
| 214       |
| 214       |
| 218       |
| 208       |
| 209       |
| 214       |
| 2648      |
| 223       |
| 1766      |
| 214       |
| 214       |
| 224       |
| 213       |
| 212       |
| 224       |
| 209       |
| 220       |
| 213       |
| 1979      |
| 314       |
| 1685      |
| 212       |
| 577       |
| 2563      |
| 2972      |
| 2305      |
| 1290      |
| 2316      |
| 1437      |
| 2425      |
| 1314      |
| 2299      |
| 1316      |
| 3594      |
| 2598      |
| 5002      |
| 213       |
| 227       |
| 8850      |
| 4701      |
| 1327      |
| 213       |
| 4547      |
| 1327      |
| 2315      |
| 1315      |
| 2324      |
| 3820      |
| 4816      |
| 4002      |
| 5000      |
| 4010      |
| 4997      |
| 1276      |
| 217       |
| 4512      |
| 1305      |
| 2311      |
| 1286      |
| 2269      |
| 3910      |
| 212       |
| 214       |
| 9476      |
| 1421      |
| 4307      |
| 3289      |
| 2312      |
| 1336      |
| 2416      |
| 1416      |
| 2321      |
| 1322      |
| 2324      |
| 1314      |
| 213       |
| 4543      |
| 1324      |
| 4084      |
| 3082      |
| 5002      |
| 3991      |
| 214       |
| 4543      |
| 1312      |
| 2309      |
| 221       |
| 2542      |
| 2309      |
| 3773      |
| 4781      |
| 4004      |
| 5003      |
| 4009      |
| 5011      |
| 1290      |
| 2259      |
| 214       |
| 2536      |
| 2332      |
| 1312      |
| 2302      |
| 1316      |
| 3711      |
| 2698      |
| 5006      |
| 4003      |
| 5008      |
| 4013      |
| 2312      |
| 1332      |
| 2335      |
| 1324      |
| 2326      |
| 1313      |
| 221       |
| 312       |
| 211       |
| 9098      |
| 4111      |
| 5115      |
| 3999      |
| 4994      |
| 1311      |
| 2302      |
| 1307      |
| 2317      |
| 1303      |
| 2306      |
| 213       |
| 214       |
| 213       |
| 212       |
| 213       |
| 221       |
| 217       |
| 218       |
| 215       |
| 215       |
| 218       |
| 217       |
| 225       |
| 216       |
| 224       |
| 211       |
| 214       |
| 213       |
+-----------+

